<svg width="24" height="24" viewBox="0 0 24 24" fill="none" xmlns="http://www.w3.org/2000/svg">
<g clip-path="url(#clip0_14754_17143)">
<path d="M3.93828 7.02061C3.90742 7.02079 3.87682 7.01484 3.84827 7.00311C3.81972 6.99138 3.79378 6.9741 3.77195 6.95228C3.75013 6.93045 3.73285 6.90451 3.72112 6.87596C3.70939 6.84741 3.70344 6.81681 3.70362 6.78595C3.70256 6.07585 3.42 5.39513 2.91788 4.89301C2.41577 4.39089 1.73505 4.10834 1.02495 4.10728C0.962943 4.10728 0.903456 4.08274 0.859485 4.03902C0.815515 3.9953 0.790636 3.93595 0.790283 3.87395C0.790283 3.81171 0.815007 3.75202 0.859015 3.70801C0.903024 3.664 0.962712 3.63928 1.02495 3.63928C1.73528 3.63822 2.4162 3.35548 2.91835 2.85308C3.42051 2.35067 3.70291 1.66961 3.70362 0.95928C3.70344 0.928414 3.70939 0.897819 3.72112 0.869268C3.73285 0.840717 3.75013 0.814777 3.77195 0.792951C3.79378 0.771125 3.81972 0.753846 3.84827 0.742116C3.87682 0.730385 3.90742 0.724436 3.93828 0.724613C3.96915 0.724436 3.99974 0.730385 4.0283 0.742116C4.05685 0.753846 4.08279 0.771125 4.10461 0.792951C4.12644 0.814777 4.14372 0.840717 4.15545 0.869268C4.16718 0.897819 4.17313 0.928414 4.17295 0.95928C4.17401 1.66938 4.45656 2.3501 4.95868 2.85221C5.4608 3.35433 6.14151 3.63689 6.85162 3.63795C6.88248 3.63777 6.91308 3.64372 6.94163 3.65545C6.97018 3.66718 6.99612 3.68446 7.01795 3.70628C7.03977 3.72811 7.05705 3.75405 7.06878 3.7826C7.08051 3.81115 7.08646 3.84175 7.08628 3.87261C7.08646 3.90348 7.08051 3.93407 7.06878 3.96263C7.05705 3.99118 7.03977 4.01712 7.01795 4.03894C6.99612 4.06077 6.97018 4.07805 6.94163 4.08978C6.91308 4.10151 6.88248 4.10746 6.85162 4.10728C6.14141 4.10799 5.46049 4.39043 4.95829 4.89262C4.4561 5.39482 4.17366 6.07574 4.17295 6.78595C4.1726 6.84808 4.14776 6.90756 4.10383 6.95149C4.0599 6.99543 4.00041 7.02026 3.93828 7.02061Z" fill="#50E6FF"/>
<path d="M20.8148 23.2743C20.7649 23.2743 20.7171 23.2545 20.6819 23.2192C20.6466 23.184 20.6268 23.1361 20.6268 23.0863C20.6261 22.5182 20.4001 21.9736 19.9985 21.572C19.5968 21.1703 19.0522 20.9443 18.4841 20.9436C18.4345 20.9436 18.3869 20.924 18.3517 20.889C18.3165 20.8541 18.2965 20.8066 18.2961 20.7569C18.2961 20.7071 18.3159 20.6593 18.3512 20.624C18.3865 20.5888 18.4343 20.5689 18.4841 20.5689C19.0523 20.5686 19.5971 20.3427 19.9988 19.941C20.4006 19.5392 20.6265 18.9944 20.6268 18.4263C20.6268 18.3764 20.6466 18.3286 20.6819 18.2933C20.7171 18.2581 20.7649 18.2383 20.8148 18.2383C20.8647 18.2383 20.9125 18.2581 20.9477 18.2933C20.983 18.3286 21.0028 18.3764 21.0028 18.4263C21.0032 18.9944 21.229 19.5392 21.6308 19.941C22.0325 20.3427 22.5773 20.5686 23.1455 20.5689C23.1953 20.5689 23.2432 20.5888 23.2784 20.624C23.3137 20.6593 23.3335 20.7071 23.3335 20.7569C23.3335 20.8068 23.3137 20.8546 23.2784 20.8899C23.2432 20.9251 23.1953 20.9449 23.1455 20.9449C22.5774 20.9457 22.0328 21.1716 21.6312 21.5733C21.2295 21.975 21.0035 22.5196 21.0028 23.0876C21.0025 23.1372 20.9825 23.1847 20.9473 23.2197C20.9121 23.2547 20.8644 23.2743 20.8148 23.2743Z" fill="#50E6FF"/>
<path d="M19.9585 10.0411C20.3346 11.6152 20.2354 13.2654 19.6736 14.7831C19.1117 16.3009 18.1125 17.6179 16.8021 18.5677C15.4917 19.5175 13.9292 20.0574 12.312 20.1192C10.6948 20.1809 9.09556 19.7617 7.71661 18.9146C6.33766 18.0674 5.24088 16.8304 4.56496 15.3599C3.88905 13.8894 3.66437 12.2516 3.91932 10.6534C4.17427 9.05521 4.89742 7.56854 5.9973 6.38135C7.09719 5.19416 8.52442 4.35979 10.0985 3.98375C12.2093 3.47949 14.4339 3.83439 16.283 4.97036C18.1321 6.10632 19.4542 7.93032 19.9585 10.0411Z" fill="url(#paint0_radial_14754_17143)"/>
<mask id="mask0_14754_17143" style="mask-type:luminance" maskUnits="userSpaceOnUse" x="3" y="3" width="18" height="18">
<path d="M19.9587 10.0411C20.3348 11.6152 20.2356 13.2654 19.6738 14.7831C19.112 16.3009 18.1127 17.6179 16.8023 18.5677C15.492 19.5175 13.9294 20.0574 12.3122 20.1192C10.695 20.1809 9.09581 19.7617 7.71685 18.9146C6.3379 18.0674 5.24112 16.8304 4.56521 15.3599C3.8893 13.8894 3.66461 12.2516 3.91956 10.6534C4.17452 9.05521 4.89766 7.56854 5.99755 6.38135C7.09743 5.19416 8.52466 4.35979 10.0987 3.98375C12.2095 3.47949 14.4341 3.83439 16.2833 4.97036C18.1324 6.10632 19.4545 7.93032 19.9587 10.0411Z" fill="white"/>
</mask>
<g mask="url(#mask0_14754_17143)">
<path d="M7.61221 17.4886C7.90345 17.4962 8.19327 17.4455 8.46461 17.3394C8.73595 17.2334 8.98333 17.0741 9.19217 16.8709C9.40101 16.6678 9.5671 16.4249 9.68066 16.1566C9.79422 15.8883 9.85295 15.6 9.85339 15.3087C9.85384 15.0174 9.79599 14.7289 9.68325 14.4602C9.57051 14.1916 9.40517 13.9482 9.19694 13.7444C8.98872 13.5407 8.74184 13.3806 8.47082 13.2737C8.1998 13.1668 7.91014 13.1152 7.61888 13.1219C7.62532 13.0599 7.62844 12.9976 7.62821 12.9353C7.62293 12.3526 7.38684 11.7958 6.9717 11.3869C6.55655 10.978 5.99623 10.7504 5.41354 10.7539H3.77621C3.61603 11.9637 3.72348 13.194 4.09095 14.3577C4.45843 15.5214 5.07697 16.5902 5.90288 17.4886H7.61221Z" fill="#F2F2F2"/>
<path d="M20.0605 10.4216C20.0605 10.4016 20.0605 10.3816 20.0511 10.363C19.7874 8.93618 19.1392 7.60847 18.1765 6.52295C18.0516 6.47235 17.9227 6.43221 17.7911 6.40295C17.4408 6.30299 17.0723 6.28383 16.7135 6.34693C16.3546 6.41002 16.0148 6.55372 15.7195 6.76719C15.4243 6.98067 15.1813 7.25836 15.009 7.57935C14.8366 7.90033 14.7393 8.25625 14.7245 8.62029C14.6359 8.61006 14.5469 8.60427 14.4578 8.60295C13.9117 8.60291 13.3831 8.79586 12.9654 9.14772C12.5478 9.49958 12.2679 9.98772 12.1752 10.5259C12.0825 11.0641 12.183 11.6178 12.4589 12.0891C12.7349 12.5604 13.1684 12.919 13.6831 13.1016C13.9129 13.1917 14.1577 13.2369 14.4045 13.235H17.1111C18.1979 12.4123 19.1874 11.4684 20.0605 10.4216Z" fill="#F2F2F2"/>
</g>
<path d="M22.9214 5.10946C22.0827 3.71346 20.1214 3.16946 17.3814 3.57746C16.4426 3.7105 15.5148 3.91193 14.6054 4.18012C15.3268 4.42918 16.0119 4.77309 16.6427 5.20279C16.964 5.13212 17.2867 5.04812 17.596 5.00146C18.0827 4.92569 18.5742 4.88603 19.0667 4.88279C19.5482 4.81338 20.0393 4.86547 20.4955 5.0343C20.9517 5.20313 21.3584 5.48334 21.6787 5.84946C22.1894 6.70012 21.7587 8.15479 20.4974 9.84946C18.7444 12.0314 16.5963 13.8637 14.1654 15.2508C11.7889 16.734 9.15467 17.7571 6.40005 18.2668C4.31472 18.5788 2.82405 18.2668 2.31338 17.4188C1.80272 16.5708 2.23338 15.1121 3.49472 13.4255C3.65072 13.2161 3.68938 13.1135 3.86672 12.9028C3.78337 12.1799 3.79502 11.4493 3.90138 10.7295C3.33451 11.2977 2.81293 11.9093 2.34138 12.5588C0.689382 14.7681 0.241382 16.7548 1.07872 18.1508C1.52105 18.7426 2.11099 19.2078 2.78954 19.5001C3.4681 19.7923 4.21149 19.9013 4.94538 19.8161C5.50392 19.8132 6.06146 19.7686 6.61338 19.6828C9.55376 19.1461 12.3668 18.0605 14.9054 16.4828C17.498 14.9991 19.7874 13.0395 21.6534 10.7068C23.3107 8.49212 23.7587 6.50679 22.9214 5.10946Z" fill="#50E6FF"/>
</g>
<defs>
<radialGradient id="paint0_radial_14754_17143" cx="0" cy="0" r="1" gradientUnits="userSpaceOnUse" gradientTransform="translate(11.9369 11.9397) scale(8.22446 8.15301)">
<stop offset="0.183" stop-color="#5EA0EF"/>
<stop offset="1" stop-color="#0078D4"/>
</radialGradient>
<clipPath id="clip0_14754_17143">
<rect width="24" height="24" fill="white"/>
</clipPath>
</defs>
</svg>
